924817
356742
089234
671523
445908
712634
298451
503876
847192
621305
734689
156073
892417
405736
678923
241856
519304
783625
064891
327154
950628
413795
786042
629817
175439
841206
502973
368714
794285
123560
657398
910742
438165
576829
201453
849637
392710
765184
518926
074362
631587
295840
758103
426971
689235
314758
972104
546387
189652
723940
851476
407193
562738
178054
934621
260485
849317
603752
427869
791234
015698
368527
742901
596413
823170
451786
709352
184967
537840
962415
375608
618294
240571
893746
457120
706893
329615
581047
174362
945708
628531
312974
769185
504239
817652
241096
693478
456701
078543
725819
391206
564827
208394
741965
895132
426587
160973
534628
879041
302756
617485
943820
278156
750493
469728
135067
582914
804367
357691
926140
641872
213549
798405
465837
029174
674920
518263
893146
345709
726581
190457
867234
432069
709851
564318
281740
937652
405178
768923
142596
689307
521874
375290
814536
260948
493671
758103
026485
571839
834702
197564
640928
386517
912745
465380
728194
591627
304865
147293
869450
523716
796108
431052
678934
215670
984327
356741
702918
549163
187635
860274
423501
701856
945382
568719
134207
829465
476093
210758
693841
547126
308574
962183
785640
419052
651378
207945
834561
596127
372804
148926
725493
981067
634512
277850
549163
810476
365729
702184
948635
523071
186497
679824
431250
294768
857301
614975
329186
705428
482936
167304
849521
536197
720864
395017
678142
051729
524830
867195
349027
712584
095346
638710
421978
780453
164297
539601
872354
316748
695120
408573
723961
186405
957238
620714
345897
789152
521604
264738
108495
874620
532197
769084
315426
648910
071583
596724
423815
780169
942357
615708
238964
804572
467139
129685
753420
396017
581274
927650
164803
739451
405268
672839
218574
960137
543789
801256
376942
629105
184673
957340
520186
864927
312754
749605
681293
025847
594210
378619
716024
459382
127560
893741
530674
268105
745839
601427
384916
972053
516748
149372
630295
807164
425910
763584
198027
641735
529308
074926
816453
392180
547269
918735
260184
704652
483917
126875
659304
791528
345076
928641
571409
203768
846092
419257
682530
157394
734806
926145
508371
673924
241580
895163
527038
360714
798425
154672
912380
546709
273194
809456
631928
475201
197563
764830
308542
651974
829316
473095
126748
580937
942106
367524
715089
594231
827605
460172
193584
738961
056427
621793
984356
517240
342618
709185
875340
431962
260578
698314
124957
570483
913826
648072
285934
769541
402863
156720
894305
527618
341079
706852
973514
618240
452186
287953
730615
495802
062417
848379
521064
374698
196542
659823
912470
547136
280791
834625
671058
409183
752694
318027
965470
520134
186749
874302
639571
421085
703968
257134
980476
564823
192057
745619
628940
351278
806491
473152
619837
284506
957163
530742
187069
724895
461320
098756
632147
875403
319264
546870
203915
769584
412637
650291
987135
534620
271948
796453
145807
603792
928146
360514
814672
459230
726985
081354
547206
962813
684357
329740
715028
498165
253706
890471
536924
172638
649051
384729
701856
925130
567384
340927
786501
412658
059374
621807
894256
537041
160735
749208
326984
678512
901247
543869
187025
964730
520384
375691
812046
649527
231875
786409
452130
097568
624813
958340
531706
284175
769042
415928
603471
871234
546709
129367
784625
950138
317564
682940
405172
728653
961084
543217
186790
629475
354801
817236
470562
123809
658974
291403
746518
509632
372814
915467
648201
523976
180345
794628
456103
027859
681394
534720
269857
807143
452619
716082
395741
128056
670934
843217
501682
374956
926510
589374
241807
795613
438025
160982
723541
956180
618437
342705
809264
571928
193645
746083
429157
687930
205814
954376
631248
378502
812965
564137
290476
745819
128605
603472
871259
436710
709184
562937
394061
827415
150693
698247
423805
761529
086341
549817
914736
627093
385402
750168
912584
468327
201756
694830
537192
372045
815679
640923
283457
706914
451268
198573
824706
563091
379645
726830
095142
641578
980324
534176
267809
719453
402685
856071
621394
384927
157620
749081
502836
365194
918457
643720
287065
701834
465219
128697
953780
576104
319842
785246
640971
423508
906357
571824
234160
689745
412903
056781
728394
951026
587314
320679
864512
497265
130758
793104
546827
269413
812657
475230
608194
943572
586310
221874
769048
434692
107523
652890
918345
563721
286054
740169
425837
089516
671243
534708
197365
860421
742096
315687
978140
620453
384729
157206
791548
526903
360471
815237
648912
493076
126854
759631
402968
684120
927345
560712
283094
746581
419057
102738
865294
538706
271495
914632
657248
390821
723465
056819
648273
981540
524703
367128
802654
475931
119587
694320
527814
360172
795648
432106
086759
651923
984367
520841
273695
816042
469538
132704
758916
601243
345870
729614
982457
516038
249671
807325
643195
420768
185937
769524
512380
346092
891756
674203
027518
650184
918637
543072
286419
731850
495126
068734
622591
985370
548126
391647
724095
157683
809245
562407
335918
786254
409671
152380
697524
430851
073296
816452
529107
364789
917245
670583
423910
185736
759402
542168
380597
823641
461205
124978
687135
950483
513720
276104
849657
692013
435781
108526
671394
524089
387652
910247
643705
296581
759134
402968
156723
898340
531674
274109
817562
650938
493125
026817
768594
541203
384976
127650
690482
923745
566018
319487
752601
495368
138072
671854
904231
547698
280516
836971
469025
112793
658347
991524
534610
377289
819065
652341
405728
168903
741256
594037
327681
780415
523096
366841
819257
652704
495138
028763
671892
914305
557684
390127
742569
085643
628910
951347
534782
277406
819654
562138
395071
728643
461209
104875
657932
920348
583716
316024
749851
502697
365142
918573
641028
384756
127609
760984
523140
386572
819235
652470
405798
168923
741356
594612
327048
780195
563871
316724
859067
622435
405918
158370
791642
534086
377259
810645
653128
496701
139587
682354
925610
578043
321896
764172
507639
340158
893721
656204
409687
152973
795341
528064
361740
814592
647135
490873
123506
786249
959617
532084
275631
808194
651472
404759
167823
740386
593012
326748
789651
542107
385974
028316
671859
914502
557683
390241
723865
066519
619347
952086
585124
328701
871463
624057
397218
150976
793542
536801
379284
812965
665437
408129
151706
794368
527940
360182
813659
656071
409523
182745
735901
598364
341672
884120
627548
470193
123865
786450
959127
522634
385709
028176
691824
934502
577160
320748
863295
616574
409832
152067
795431
548690
391025
834716
667203
400859
153782
796541
529107
372684
815930
658246
401973
164825
717509
590368
343126
886074
629145
472501
115738
768952
921304
584673
327019
780645
653421
406798
159072
742536
595810
338671
881429
624157
477305
120986
763548
916032
559674
302841
845729
688105
431560
184973
727635
590412
343768
896205
649137
402581
165734
718390
561028
304652
857146
620974
463805
106329
779651
922084
565130
318746
861502
634127
407695
150982
793254
546831
389170
832746
675308
418659
161027
704583
957246
520618
363094
816752
669405
412831
155706
798024
541369
384517
027968
680132
923754
566801
319247
762583
615309
408736
151092
794658
537420
380176
823641
676059
419532
162708
715834
958460
521306
364182
807695
650241
403978
186527
739604
592310
345861
888127
631475
404792
177568
720934
963150
516382
369704
812569
655031
408176
161742
704895
547123
390658
833204
676512
419087
172653
715920
968534
521706
364182
817659
660235
403971
156782
799104
542638
385970
028316
681752
924530
567184
320849
763105
616572
409238
152604
795831
548067
391520
834796
677142
420685
163907
716854
959230
522641
365108
818572
661034
404769
157812
700538
943256
586174
329041
782615
625390
408176
161953
714082
967534
520186
373604
816952
659108
402735
155871
798264
541039
384617
827395
670152
413986
176520
729845
962103
515638
368074
811592
654310
407986
160521
703859
946127
589734
332401
875610
628395
471082
124736
767951
910523
553684
396210
839675
682541
425108
178963
721530
964087
517642
360198
803765
656241
409817
152390
795684
538120
381976
824653
667308
410892
163754
716820
959542
522106
365981
818657
661024
404738
157809
700526
943281
586159
329074
782605
625310
408167
161943
714082
967513
520186
373614
816952
